id: D0
changes_probability: [0.44397625 0.29400746 0.26201629]
number_of_trips_changed: [70, 39]
cities: [0.01149839 0.01762814 0.01082579 0.01705678 0.00639005 0.00640625 0.0133404  0.01103355 0.00274819 0.0120959  0.00233412 0.01025513 0.01446363 0.00845426 0.01359946 0.01955643 0.         0.01047734 0.01123596 0.00500412 0.0057717  0.0015602  0.00952236 0.01607548 0.0153395  0.00589798 0.01175787 0.0174986  0.00848266 0.00691184 0.01113803 0.01325567 0.00489208 0.00528518 0.01491392 0.00278724 0.00916478 0.01422335 0.01085391 0.01240533 0.01689326 0.01214521 0.00629418 0.00567731 0.00637854 0.01276226 0.01347936 0.00981559 0.0133667  0.00551484 0.00895621 0.01181518 0.00703924 0.01205395 0.01111817 0.008867   0.00833871 0.00896844 0.01236071 0.01430089 0.00831079 0.01540027 0.01161136 0.00988629 0.01361906 0.00592028 0.00831185 0.01141635 0.0064426  0.01072414 0.01160002 0.01359352 0.00708595 0.00978199 0.0107574  0.         0.00780296 0.00822854 0.01525971 0.00792935 0.01043564 0.0141373  0.00502636 0.00454848 0.00873747 0.00623028 0.01042503 0.00622795 0.01504273 0.01561044 0.0110065  0.01402589 0.0057618  0.01038722 0.00877773 0.00838205 0.0169882  0.00952858 0.00861592 0.00813465]
merchandise_multivariate_means: [0. 0. 0. 0. 0. 0. 0. 0. 0. 0. 0. 0. 0. 0. 0.]
merchandise_multivariate_covariances: [568.53291385 346.3880744  490.85420187 129.49287955 233.44086316 403.97687935 535.18598257 711.1432504  621.1088287  455.38438749 243.8583237  757.91587015 486.57769428 313.35676748 494.09077857]
merch_changes_probability: [0.0398319  0.3819621  0.26141697 0.31678903]
number_of_trips_changed_for_merch: [47, 29]
rotes_to_generate: 37

---

id: D1
changes_probability: [0.15848235 0.39418518 0.44733247]
number_of_trips_changed: [83, 50]
cities: [0.0066799  0.01422584 0.01372525 0.00968234 0.01319239 0.01000926 0.00947311 0.01024609 0.00768875 0.01311501 0.01401905 0.00587728 0.00724103 0.01710895 0.01067255 0.01313456 0.01451073 0.01096583 0.01105429 0.01297929 0.00560981 0.01004481 0.00354496 0.00807006 0.00899114 0.00902656 0.01513115 0.01441958 0.00907224 0.00639524 0.00500779 0.01049648 0.01209106 0.00918847 0.0127893  0.00794124 0.01172155 0.00801549 0.00890075 0.01649136 0.00458622 0.00835783 0.01022676 0.01915508 0.00553283 0.01269676 0.00705591 0.01386091 0.01079632 0.01807983 0.00742894 0.00624957 0.01255242 0.00909784 0.0118175  0.01021387 0.01528743 0.00500906 0.01099283 0.00991977 0.01434081 0.00920897 0.00675991 0.01736223 0.00719776 0.00617882 0.00840248 0.         0.00725007 0.01255921 0.00715176 0.00584314 0.011995   0.01409623 0.00981575 0.01029318 0.00863811 0.0083855  0.00626181 0.01041447 0.0124526  0.00251144 0.00617918 0.01362279 0.00890694 0.00277441 0.00597772 0.00991179 0.01054377 0.00903335 0.01247523 0.0031819  0.01200726 0.01212561 0.01670281 0.00864353 0.01532527 0.01128603 0.00523108 0.01148387]
merchandise_multivariate_means: [0. 0. 0. 0. 0. 0. 0. 0. 0. 0. 0. 0. 0. 0. 0.]
merchandise_multivariate_covariances: [995.40123804 945.72796961 468.10858497 918.12033546 673.50145912 116.74408046 989.00013091 481.86835974 764.55134193 739.02097018 963.62428487 183.02641014 361.69116728 999.52664747 610.52124505]
merch_changes_probability: [0.01529903 0.32469673 0.26146083 0.39854341]
number_of_trips_changed_for_merch: [37, 46]
rotes_to_generate: 54

---

id: D2
changes_probability: [0.21870304 0.43042356 0.3508734 ]
number_of_trips_changed: [89, 29]
cities: [0.00585161 0.01088926 0.00646835 0.00865769 0.00349962 0.01221945 0.01068156 0.01546097 0.01621089 0.01093199 0.01160557 0.01293483 0.00558113 0.01259299 0.01409636 0.0087061  0.0126506  0.00413666 0.00806936 0.00883    0.0054744  0.01109575 0.01212049 0.01244084 0.01494693 0.00868164 0.01379039 0.00993769 0.0138245  0.00252825 0.01035431 0.00746764 0.00689763 0.00526779 0.00545788 0.00771651 0.00961398 0.00712298 0.0067528  0.01447101 0.00808338 0.00882086 0.00845768 0.00339268 0.00834658 0.00908895 0.00948753 0.01549942 0.01198803 0.01500786 0.01090429 0.00749221 0.01302651 0.0142954  0.011802   0.01006464 0.00908071 0.00706186 0.01134398 0.01683315 0.01015805 0.01083273 0.01110236 0.         0.01033865 0.01130681 0.00298122 0.01266951 0.01013889 0.01477832 0.00698692 0.00650345 0.00770423 0.01333344 0.00862709 0.00565981 0.01315124 0.0112847  0.00985328 0.00486643 0.00764479 0.01197644 0.00457229 0.0123524  0.00964906 0.00957306 0.01287268 0.00667218 0.01875141 0.00486047 0.01404296 0.01309157 0.01285679 0.01236232 0.0167732  0.01421427 0.01100732 0.0070077  0.01174063 0.00958518]
merchandise_multivariate_means: [0. 0. 0. 0. 0. 0. 0. 0. 0. 0. 0. 0. 0. 0. 0.]
merchandise_multivariate_covariances: [988.67306796 899.34905698 126.07317834 979.09321829 405.70403774  74.15685161  46.36156201  29.59812748 159.86676332 339.09140533 191.34633901 916.46158135 412.00662115 870.67683262 899.91182976]
merch_changes_probability: [0.03679784 0.28501718 0.35066136 0.32752362]
number_of_trips_changed_for_merch: [20, 47]
rotes_to_generate: 16

---

id: D3
changes_probability: [0.51715002 0.32720614 0.15564384]
number_of_trips_changed: [49, 37]
cities: [0.0115924  0.01535069 0.00797777 0.00791974 0.01478135 0.01090595 0.01447778 0.01119673 0.01457665 0.01219604 0.0100263  0.01124798 0.01082737 0.00730158 0.00657859 0.01068413 0.01284387 0.01907982 0.00642687 0.00676432 0.01676142 0.00933669 0.00384907 0.01126549 0.00984435 0.00635717 0.0049909  0.01111019 0.00618685 0.00753985 0.00276458 0.01017723 0.01266224 0.01032306 0.01442715 0.0103351  0.01121249 0.00861317 0.0149282  0.01016268 0.01335765 0.00936225 0.00791159 0.01043128 0.00733036 0.01466909 0.01445151 0.00886803 0.00803535 0.01582556 0.00712138 0.01211276 0.00611298 0.         0.01610583 0.00492649 0.00840929 0.00339382 0.00963843 0.01349835 0.01068705 0.01638587 0.00868616 0.00915885 0.00074102 0.00661786 0.00691926 0.00724403 0.01469106 0.01392875 0.01134255 0.0063251  0.00666914 0.01010855 0.01117729 0.01386621 0.00225212 0.01726453 0.0140921  0.00616149 0.01004715 0.00928181 0.00869114 0.01587679 0.00896475 0.01244576 0.00672004 0.01679302 0.01450635 0.00722778 0.0063456  0.01079304 0.00580046 0.00606966 0.00540207 0.01518138 0.01115772 0.01064887 0.00703053 0.00953128]
merchandise_multivariate_means: [0. 0. 0. 0. 0. 0. 0. 0. 0. 0. 0. 0. 0. 0. 0.]
merchandise_multivariate_covariances: [ 56.55271039 187.95254654 490.43226349 200.48446281 173.01566471 820.68431568 828.93332291 638.49481734  82.11181847 790.11884295 910.89074753 739.07875115  41.52468395 308.17847507  16.60932122]
merch_changes_probability: [0.01861548 0.36600912 0.2489967  0.3663787 ]
number_of_trips_changed_for_merch: [58, 43]
rotes_to_generate: 25

---

id: D4
changes_probability: [0.41980016 0.33008786 0.25011198]
number_of_trips_changed: [89, 25]
cities: [0.01029335 0.00407591 0.0134256  0.00829368 0.01092283 0.00449385 0.00893879 0.0162076  0.00614685 0.01300058 0.00633729 0.00096264 0.01236654 0.01183697 0.00891255 0.00960822 0.01336808 0.01084941 0.00852288 0.01733541 0.01363681 0.00552438 0.01021738 0.01168836 0.01133613 0.01119326 0.00990152 0.01557507 0.00156709 0.00983006 0.01026489 0.00737039 0.015584   0.0143314  0.00469247 0.01450081 0.00802543 0.00880415 0.00197146 0.00579299 0.01114031 0.01113221 0.01831627 0.008973   0.00851326 0.00598617 0.01070497 0.00831948 0.01357515 0.01750189 0.00418747 0.00712392 0.00993605 0.01265876 0.00922201 0.0119343  0.00655863 0.00514721 0.00619701 0.00668826 0.01224881 0.01083124 0.0050351  0.01496852 0.01336214 0.01393854 0.01048115 0.00668148 0.01033786 0.01312796 0.01416463 0.00877299 0.0072967  0.0107282  0.01089593 0.01293674 0.00949804 0.00420294 0.01099031 0.00900386 0.00572178 0.00982859 0.00577749 0.0097667  0.01052147 0.00977448 0.01265597 0.00867406 0.01397862 0.00379018 0.00783225 0.00660173 0.01390408 0.00545548 0.01509967 0.01197331 0.00982211 0.01583865 0.01602604 0.01593084]
merchandise_multivariate_means: [0. 0. 0. 0. 0. 0. 0. 0. 0. 0. 0. 0. 0. 0. 0.]
merchandise_multivariate_covariances: [374.9036705  290.60577393 557.77098494 173.35710789 752.46593942 622.2582897  196.90507268 196.47924396 132.48579279 188.44812254 174.99908468  89.50608777 227.47792295 520.42179977 660.36680539]
merch_changes_probability: [0.05452278 0.55354903 0.06709244 0.32483575]
number_of_trips_changed_for_merch: [34, 46]
rotes_to_generate: 17

---

id: D5
changes_probability: [0.48411918 0.37344099 0.14243984]
number_of_trips_changed: [19, 41]
cities: [0.00432723 0.0116694  0.0148638  0.00847009 0.00590047 0.00877408 0.00789291 0.00397269 0.0138663  0.00811518 0.00966356 0.01052985 0.01350349 0.01236298 0.0130441  0.01085479 0.00746721 0.01049754 0.01400991 0.00982846 0.00837822 0.00942559 0.01123954 0.00907096 0.01441364 0.00868734 0.01263135 0.0176178  0.01710889 0.00311934 0.01156443 0.00994388 0.00951149 0.00921146 0.01455973 0.01455206 0.00896636 0.00638667 0.00855875 0.01375449 0.01361265 0.01535456 0.01225314 0.01376039 0.01339337 0.01027529 0.01260736 0.00646369 0.0048927  0.00672334 0.01547926 0.01144    0.01320451 0.00804643 0.01336068 0.01279446 0.01631498 0.00499076 0.01366962 0.01265238 0.00627799 0.0094978  0.00928542 0.01637684 0.00888759 0.01026035 0.01061084 0.0118934  0.00541279 0.01348498 0.00748613 0.00586719 0.00509678 0.01135725 0.00305483 0.00460084 0.01768269 0.01079993 0.00902147 0.01235375 0.00683285 0.01172308 0.00080036 0.01056308 0.00927735 0.01151664 0.00705318 0.01582098 0.00646718 0.00687004 0.00754508 0.01201353 0.00358063 0.01124893 0.01036853 0.00199941 0.00538262 0.         0.00837954 0.01364251]
merchandise_multivariate_means: [0. 0. 0. 0. 0. 0. 0. 0. 0. 0. 0. 0. 0. 0. 0.]
merchandise_multivariate_covariances: [274.67065096 868.91100603 846.1315487  929.0727577   30.80423819 967.09086665 524.15870086 626.8674211  932.97068693 469.38983712 253.51893616 644.00823716 949.72124959 453.5031864  644.41742741]
merch_changes_probability: [0.03106961 0.36162924 0.12197851 0.48532264]
number_of_trips_changed_for_merch: [79, 27]
rotes_to_generate: 11

---

id: D6
changes_probability: [0.33560149 0.37700281 0.2873957 ]
number_of_trips_changed: [6, 28]
cities: [0.00701411 0.0089518  0.00881157 0.01359667 0.01312206 0.0074889  0.01384648 0.00619098 0.01301391 0.00430958 0.01152629 0.00739709 0.01418201 0.00795805 0.01256981 0.01226624 0.00856913 0.0019175  0.01272503 0.01070176 0.00955877 0.0112549  0.0075195  0.01140596 0.01285997 0.01028932 0.0134391  0.01096527 0.00890219 0.01337961 0.00310219 0.00973579 0.01658636 0.00583599 0.00350816 0.0127416  0.00706841 0.01598758 0.00623882 0.00865069 0.01537242 0.00568992 0.00808475 0.01043511 0.01021131 0.00991204 0.01179818 0.00955962 0.01023804 0.00758846 0.01066281 0.01142646 0.00489241 0.01166936 0.01232984 0.01706792 0.01034485 0.00771107 0.01446582 0.01369601 0.01541149 0.01728467 0.00942965 0.00769744 0.01779276 0.01517878 0.0060431  0.01223524 0.01269787 0.01261933 0.01476561 0.01561198 0.0084039  0.0007516  0.01066352 0.00737294 0.00496313 0.01072062 0.00862316 0.00545966 0.00431221 0.01040557 0.00372622 0.00384679 0.01010452 0.00651075 0.01082188 0.0132606  0.01619671 0.00319786 0.00815794 0.00935769 0.00481592 0.01003805 0.00685155 0.01088188 0.00727763 0.0168158  0.01395273 0.00739571]
merchandise_multivariate_means: [0. 0. 0. 0. 0. 0. 0. 0. 0. 0. 0. 0. 0. 0. 0.]
merchandise_multivariate_covariances: [749.52700966 876.77078087 532.39820809 750.9327499  925.36958358 724.93190448  42.62787127 175.21252294 165.35537012 696.16312972 804.13322903 694.40524357 181.97380836  74.39827506 341.01910085]
merch_changes_probability: [0.03139412 0.22026634 0.31315883 0.43518072]
number_of_trips_changed_for_merch: [68, 30]
rotes_to_generate: 7

---

id: D7
changes_probability: [0.22568118 0.48770416 0.28661466]
number_of_trips_changed: [97, 24]
cities: [0.0152666  0.01235991 0.01196925 0.00774597 0.00588385 0.0062424  0.00572891 0.01499105 0.01166016 0.00808584 0.01059497 0.0122882  0.00831558 0.00447818 0.01382518 0.01260709 0.01490322 0.01447518 0.01447615 0.00859087 0.01154456 0.01063402 0.01044455 0.01237327 0.01655498 0.0141688  0.014807   0.00486215 0.         0.01841537 0.00345642 0.00880871 0.003766   0.00658355 0.0128814  0.00775881 0.0043692  0.01180576 0.01003545 0.00992896 0.00526525 0.00216961 0.01132603 0.01681693 0.01419918 0.005832   0.00800235 0.00823597 0.01470689 0.00732073 0.01231946 0.00156917 0.01314669 0.01381695 0.01075222 0.01061457 0.01325182 0.0079894  0.01489435 0.         0.01456545 0.009456   0.00603779 0.00523526 0.00984818 0.01047155 0.01628633 0.00628752 0.01170031 0.0083681  0.00812142 0.00938545 0.00799596 0.00295569 0.01037385 0.01918045 0.01831589 0.01392705 0.006343   0.00977797 0.00526085 0.00476938 0.01337981 0.01481393 0.01221716 0.00979921 0.00779906 0.01454667 0.         0.00655372 0.00834153 0.01767822 0.01130982 0.0115118  0.01642896 0.00563048 0.00835628 0.00740803 0.01609501 0.00354983]
merchandise_multivariate_means: [0. 0. 0. 0. 0. 0. 0. 0. 0. 0. 0. 0. 0. 0. 0.]
merchandise_multivariate_covariances: [378.70504937 697.12229488 717.89510611 424.86950484 711.47697147 235.7454063  643.63383338 169.12729512 769.69893828 352.03212386 909.22131008  87.27613962 299.30542682 661.76235086 878.85075171]
merch_changes_probability: [0.02812734 0.57483582 0.28180405 0.1152328 ]
number_of_trips_changed_for_merch: [41, 37]
rotes_to_generate: 2

---

id: D8
changes_probability: [0.31136741 0.42622689 0.2624057 ]
number_of_trips_changed: [70, 30]
cities: [0.00668684 0.00911281 0.00928645 0.005434   0.00918737 0.01676106 0.         0.01477927 0.0077662  0.00486561 0.00931826 0.00752869 0.0090234  0.00969514 0.00677772 0.0045494  0.01212526 0.00620627 0.01696862 0.00458018 0.01300722 0.00800294 0.00582182 0.01809212 0.01568705 0.00997665 0.0110804  0.00863976 0.00967245 0.01515179 0.00816168 0.00675357 0.00705949 0.0078862  0.01422185 0.01151577 0.01780541 0.01170566 0.00951624 0.0111664  0.00787288 0.01689449 0.01067755 0.00848659 0.01300173 0.01081212 0.01066365 0.01582616 0.01988142 0.00923857 0.00881285 0.01018224 0.01561446 0.00579129 0.01215805 0.00537728 0.00594345 0.00982358 0.0127029  0.01279116 0.00900718 0.00622018 0.01097351 0.0066502  0.00494709 0.01067862 0.01554683 0.01537932 0.0113595  0.01027347 0.01473524 0.         0.00537742 0.00417357 0.00520405 0.0043841  0.01899404 0.01269352 0.01114814 0.01363201 0.0068528  0.01200323 0.0099843  0.00749537 0.00693112 0.0142451  0.0116074  0.01223285 0.00371185 0.00930701 0.00906128 0.00720389 0.01386855 0.01090428 0.00513118 0.01476857 0.01521749 0.00595536 0.00968703 0.00832388]
merchandise_multivariate_means: [0. 0. 0. 0. 0. 0. 0. 0. 0. 0. 0. 0. 0. 0. 0.]
merchandise_multivariate_covariances: [7.22758977e+01 5.54821438e+02 1.08369418e+02 9.45409440e+02 5.61674442e+02 8.96624086e+02 4.46298651e+02 7.36485143e+02 3.04066325e-01 9.00498332e+02 6.54170881e+02 9.85062160e+01 4.43190682e+02 1.24811763e+02 8.87442333e+02]
merch_changes_probability: [0.00642201 0.28002868 0.42822612 0.2853232 ]
number_of_trips_changed_for_merch: [84, 25]
rotes_to_generate: 57

---

id: D9
changes_probability: [0.32286534 0.43327826 0.2438564 ]
number_of_trips_changed: [72, 24]
cities: [0.         0.00393989 0.00974904 0.01129391 0.0132181  0.00997309 0.01201584 0.01362442 0.00530877 0.00666214 0.01252297 0.00914187 0.01052698 0.01395228 0.00958378 0.01240491 0.00833064 0.00623811 0.01418678 0.01405275 0.00821735 0.01294428 0.00675689 0.01165315 0.01029077 0.00483727 0.01146819 0.00681478 0.01613219 0.01058324 0.01024692 0.01628112 0.00954265 0.00779946 0.00536321 0.0156024  0.00819939 0.01203095 0.00108994 0.01243541 0.01601607 0.01009559 0.0150518  0.01507068 0.00821924 0.0122394  0.0028797  0.00868597 0.00660287 0.00955602 0.00663759 0.00543531 0.01372669 0.01356609 0.01431311 0.01148873 0.00565034 0.00364022 0.00460045 0.00652114 0.00857689 0.00933854 0.01088909 0.01390024 0.01149171 0.01227994 0.01170557 0.00645882 0.00794505 0.01199382 0.00980501 0.00411347 0.00799733 0.00968889 0.0142703  0.00922145 0.01462906 0.01066136 0.01314868 0.01291305 0.01097031 0.00816685 0.01086187 0.00913191 0.00941274 0.01425611 0.0035242  0.01162692 0.00976517 0.00669199 0.00940732 0.0115612  0.01249572 0.00116811 0.01302872 0.01172809 0.0114778  0.00875138 0.0119604  0.0179721 ]
merchandise_multivariate_means: [0. 0. 0. 0. 0. 0. 0. 0. 0. 0. 0. 0. 0. 0. 0.]
merchandise_multivariate_covariances: [552.03914809 626.7330603  599.10026708 201.20193808 991.46391161 423.92324855 432.73893745 977.0961119   78.26845266 877.7306584  502.0241615  231.59362203 360.84853579 617.54125494 619.87127995]
merch_changes_probability: [0.0227219  0.3916208  0.22326535 0.36239195]
number_of_trips_changed_for_merch: [38, 38]
rotes_to_generate: 45

---

