id: D0
changes_probability: [0.20827977 0.30521755 0.48650269]
number_of_trips_changed: [31, 47]
cities: [0.00019587 0.000128   0.00022572 ... 0.00011973 0.00018421 0.00010135]
merchandise_multivariate_means: [0. 0. 0. 0. 0. 0. 0. 0. 0. 0. 0. 0. 0. 0. 0. 0. 0. 0. 0. 0. 0. 0. 0. 0. 0. 0. 0. 0. 0. 0. 0. 0. 0. 0. 0. 0. 0. 0. 0. 0. 0. 0. 0. 0. 0. 0. 0. 0. 0. 0.]
merchandise_multivariate_covariances: [7.07286259e-01 5.40467395e+01 7.68812668e+01 3.04535694e+02 5.81266636e+02 1.47580340e+02 1.09707115e+02 9.38288553e+01 6.03100978e+02 6.32437556e+02 8.48419125e+02 6.85530956e+02 4.38067846e+02 3.27059503e+02 3.32238644e+02 2.36582680e+02 2.77481197e+02 2.45067712e+01 2.57275185e+02 6.64404966e+02 5.42588974e+02 4.59763600e+02 8.31981555e+02 5.38307561e+02 2.10449307e+02 6.03482466e+02 2.24944771e+02 1.99053577e+01 3.57147108e+01 8.13196646e+02 7.19734997e+02 2.92088295e+02 8.17378266e+02 6.72995994e+02 5.06245419e+02 5.16566561e+01 9.92624049e+02 2.17066833e+02 7.68129004e+02 9.26084247e+02 9.91058392e+02 9.19708228e+02 5.46739084e+02 9.55912982e+02 3.90724590e+02 1.81511660e+02 2.92897204e+02 8.52213292e+02 1.26434409e+01 5.51114314e+02]
merch_changes_probability: [0.033725   0.4739126  0.29645353 0.19590887]
number_of_trips_changed_for_merch: [27, 50]
rotes_to_generate: 97

---

id: D1
changes_probability: [0.23304978 0.52453373 0.24241649]
number_of_trips_changed: [57, 38]
cities: [1.67985960e-04 1.40392903e-04 2.71457622e-04 ... 1.53968569e-05 1.10359232e-04 1.35463396e-04]
merchandise_multivariate_means: [0. 0. 0. 0. 0. 0. 0. 0. 0. 0. 0. 0. 0. 0. 0. 0. 0. 0. 0. 0. 0. 0. 0. 0. 0. 0. 0. 0. 0. 0. 0. 0. 0. 0. 0. 0. 0. 0. 0. 0. 0. 0. 0. 0. 0. 0. 0. 0. 0. 0.]
merchandise_multivariate_covariances: [749.61196265 911.98774072  89.74285685 893.22719864 585.02250394 902.54343803 792.05686118 732.24167624  42.04024497 384.78258202 306.79971344 264.23535366 767.66976389 622.56343473 617.16837132 207.60311542 483.39386424  87.82739745 700.10778161 503.30696389 695.82426039  16.69413713 534.70188198 867.57285883 926.76608645 307.69984559 765.67285215 725.38713628 539.83469144 718.26089144 913.84063581 409.27331816 640.26170016 362.80580592 293.97415364 583.60639511 456.12490323  13.49623383 216.54744848 296.82758817 114.96663912 442.81703092 345.71395376 207.32130604 248.40799297 943.43052084 195.33370279 871.50468071  58.84958077 530.05081863]
merch_changes_probability: [0.02522604 0.25995181 0.26865418 0.44616797]
number_of_trips_changed_for_merch: [59, 40]
rotes_to_generate: 71

---

id: D2
changes_probability: [0.36041437 0.30222935 0.33735628]
number_of_trips_changed: [76, 49]
cities: [7.94394709e-05 1.58235921e-04 1.83431508e-04 ... 2.10284211e-04 1.79087932e-04 1.88795412e-04]
merchandise_multivariate_means: [0. 0. 0. 0. 0. 0. 0. 0. 0. 0. 0. 0. 0. 0. 0. 0. 0. 0. 0. 0. 0. 0. 0. 0. 0. 0. 0. 0. 0. 0. 0. 0. 0. 0. 0. 0. 0. 0. 0. 0. 0. 0. 0. 0. 0. 0. 0. 0. 0. 0.]
merchandise_multivariate_covariances: [147.3671242  584.32195271 673.89034251 516.53226926 966.50841779 722.46472623 443.05360665 464.32750822 726.34704708 380.40433561 236.89945977 409.11864083 982.39614165 177.87593689  47.06019344 839.66379951 544.97045315 799.08233709 834.99679566 743.64425205 169.98748984 956.79469346 423.8110265  351.0753488   24.05994294 852.87444021 991.25744185 166.98994449   9.32028176 280.3335437   41.73426735 654.23355623 291.4542266  339.96308444 352.57407005  57.53324715 969.71953148 987.86945039 694.19404747 722.12734589 417.91481932 986.28704739 259.32225483 738.14357676 945.9048209  837.08940464 404.764164   266.83775955 528.11581387 274.41554309]
merch_changes_probability: [0.01697891 0.35723443 0.20334888 0.42243778]
number_of_trips_changed_for_merch: [89, 43]
rotes_to_generate: 1

---

id: D3
changes_probability: [0.22926463 0.41474984 0.35598553]
number_of_trips_changed: [74, 31]
cities: [1.99679152e-04 1.45989807e-04 9.14628737e-05 ... 2.50165727e-04 1.43072823e-04 1.26369664e-04]
merchandise_multivariate_means: [0. 0. 0. 0. 0. 0. 0. 0. 0. 0. 0. 0. 0. 0. 0. 0. 0. 0. 0. 0. 0. 0. 0. 0. 0. 0. 0. 0. 0. 0. 0. 0. 0. 0. 0. 0. 0. 0. 0. 0. 0. 0. 0. 0. 0. 0. 0. 0. 0. 0.]
merchandise_multivariate_covariances: [692.5008998  575.87838943   6.80765466 371.15329279 789.93780299 880.12384859 146.60135603 810.64445353 718.50439911 268.79327387 841.93914108 647.26828519 662.87635908 590.20045529 436.27876973 997.17563998 920.34929935 443.83701215 238.04955837  67.43267824   9.33601478 890.09616598 766.18205574 416.25115418 219.48843146  77.21149315 319.09711791 460.33914172 107.02740292  98.64001865 104.18259135 900.34942383 307.8941929  786.8898769  585.15521368 248.10248035 776.22480813 915.43365101 872.37874076 499.55173835 659.54897123 608.89378792 782.81597488   3.09372441 376.78818914 125.79749042 727.99821135 161.28414658 516.09709102 552.14331459]
merch_changes_probability: [0.04678231 0.19658676 0.33130334 0.4253276 ]
number_of_trips_changed_for_merch: [69, 20]
rotes_to_generate: 164

---

id: D4
changes_probability: [0.25733279 0.35274326 0.38992395]
number_of_trips_changed: [3, 33]
cities: [2.07405386e-04 6.88844060e-05 1.14942655e-04 ... 1.15733026e-04 1.05369812e-04 7.04700765e-05]
merchandise_multivariate_means: [0. 0. 0. 0. 0. 0. 0. 0. 0. 0. 0. 0. 0. 0. 0. 0. 0. 0. 0. 0. 0. 0. 0. 0. 0. 0. 0. 0. 0. 0. 0. 0. 0. 0. 0. 0. 0. 0. 0. 0. 0. 0. 0. 0. 0. 0. 0. 0. 0. 0.]
merchandise_multivariate_covariances: [549.7518422  181.93575443 594.48160572 182.08400411 952.03504382 702.52663893 896.87562649 850.04982587 929.06120562 318.22071285 490.35596491 706.92648075 836.09596665 215.89261372 341.85707971 135.71815841 406.35097364 455.29280381 621.05325729  94.88605371 931.31785105 646.96242512 740.96616015 152.77908237 388.39762522 649.78428781 584.80178392 689.84228776  92.50995463 269.711797   224.94556777 898.01510683 691.52638496  60.8814431  877.57528208 242.4338739  918.14592662 335.73453846 397.2879451  441.71108541 260.27104674 374.76757999 960.25035348 766.3332592  179.49744427 655.07125232  68.07605027 128.84759597 135.13240045 744.57611254]
merch_changes_probability: [0.03802289 0.16194506 0.37251978 0.42751227]
number_of_trips_changed_for_merch: [86, 49]
rotes_to_generate: 13

---

id: D5
changes_probability: [0.40131927 0.41755722 0.18112351]
number_of_trips_changed: [45, 44]
cities: [1.44300703e-04 1.14305448e-04 8.92483723e-05 ... 1.35858535e-04 9.14230920e-05 6.76467640e-05]
merchandise_multivariate_means: [0. 0. 0. 0. 0. 0. 0. 0. 0. 0. 0. 0. 0. 0. 0. 0. 0. 0. 0. 0. 0. 0. 0. 0. 0. 0. 0. 0. 0. 0. 0. 0. 0. 0. 0. 0. 0. 0. 0. 0. 0. 0. 0. 0. 0. 0. 0. 0. 0. 0.]
merchandise_multivariate_covariances: [970.9243967  663.23609927 280.79026329 828.66342627 306.01964776 909.27465533 820.91291156 975.22980117  59.31967058 873.14741007 868.20499123 907.63210366 635.65389591 506.84075233 965.81425147   2.60054262 393.43338255 635.24675614 355.87709282 498.00438717  61.79621215 334.35551751 216.29614866 855.38350897 495.12367727 644.78664769 450.81817143 841.64744831  82.85011536 179.37748167 354.33538946 533.04007683 428.7205323  794.93509852 631.18378757 495.77286915 525.1316893  255.51576753 834.22176945 793.09627038 714.06278148 423.21412121 101.28248852  50.96156439  25.56728479  88.10266615 601.24910211 934.8566067  430.62000968  53.83241558]
merch_changes_probability: [0.05144778 0.38035963 0.21970109 0.34849151]
number_of_trips_changed_for_merch: [47, 44]
rotes_to_generate: 162

---

id: D6
changes_probability: [0.3600777  0.41865571 0.2212666 ]
number_of_trips_changed: [97, 21]
cities: [1.01372205e-04 1.40609490e-04 8.56314826e-05 ... 9.18295218e-05 1.06183967e-04 1.85563743e-04]
merchandise_multivariate_means: [0. 0. 0. 0. 0. 0. 0. 0. 0. 0. 0. 0. 0. 0. 0. 0. 0. 0. 0. 0. 0. 0. 0. 0. 0. 0. 0. 0. 0. 0. 0. 0. 0. 0. 0. 0. 0. 0. 0. 0. 0. 0. 0. 0. 0. 0. 0. 0. 0. 0.]
merchandise_multivariate_covariances: [988.76745187 505.77937161 620.54186892 429.8079437  667.00832031  79.30649965 304.40507011 427.66654875 965.35107032 177.57006888 855.6845016  331.09485335 919.79618251 575.18480048 300.36371364 465.83139826 957.52965952 806.3966456  610.90238653 543.22844621 440.12417691 632.26048504 138.45465001 590.54683667 266.39046772 494.96267604 647.79836534 983.59787183 499.81701266  77.37383483 371.11966141 877.06270255 936.55658112 147.47652847 487.69660743 209.70856011 521.84998566 131.49267822 343.07464963 688.13865994 282.06037793 346.13193065 369.35000416 276.01959334 685.42206096 113.77865922 891.55687456 330.14115018 287.00629381 273.81462904]
merch_changes_probability: [0.01917678 0.2018749  0.49328065 0.28566767]
number_of_trips_changed_for_merch: [42, 43]
rotes_to_generate: 126

---

id: D7
changes_probability: [0.48065358 0.4088075  0.11053892]
number_of_trips_changed: [25, 31]
cities: [1.98506266e-04 1.19129834e-04 1.55884012e-04 ... 1.26842047e-04 1.43186734e-04 9.85233598e-05]
merchandise_multivariate_means: [0. 0. 0. 0. 0. 0. 0. 0. 0. 0. 0. 0. 0. 0. 0. 0. 0. 0. 0. 0. 0. 0. 0. 0. 0. 0. 0. 0. 0. 0. 0. 0. 0. 0. 0. 0. 0. 0. 0. 0. 0. 0. 0. 0. 0. 0. 0. 0. 0. 0.]
merchandise_multivariate_covariances: [802.16161031 903.37867403 932.11791817 576.7690491  639.47294314 364.94460928 551.05566066 121.68168754 942.15862797 422.81088103 264.05044292 862.33343236 184.88457876 625.43486703 229.41573404 516.77936036 918.15132571 241.28252498 312.66703096 411.51594622 205.05682937  32.67647193 713.59987476 623.46822195 761.68069134 340.61786296 841.24152765  45.01099441 226.90950313   2.85596242 817.17471686 894.94655861 167.2999251  604.42393092   5.61540846 200.87472052 105.78391397 613.45199633 985.83749615 456.96423659 529.12868501 380.0036542  622.91076536 973.89670348 335.48546589 195.67525113 104.0573729  673.25100195 352.54728969 641.61922679]
merch_changes_probability: [0.0159469  0.34694472 0.3111372  0.32597119]
number_of_trips_changed_for_merch: [96, 48]
rotes_to_generate: 140

---

id: D8
changes_probability: [0.48149602 0.38264984 0.13585413]
number_of_trips_changed: [4, 32]
cities: [0.00020442 0.0001352  0.00019445 ... 0.00021752 0.00015019 0.00018212]
merchandise_multivariate_means: [0. 0. 0. 0. 0. 0. 0. 0. 0. 0. 0. 0. 0. 0. 0. 0. 0. 0. 0. 0. 0. 0. 0. 0. 0. 0. 0. 0. 0. 0. 0. 0. 0. 0. 0. 0. 0. 0. 0. 0. 0. 0. 0. 0. 0. 0. 0. 0. 0. 0.]
merchandise_multivariate_covariances: [ 75.63755169 534.02026458 172.55196061 768.49348134 379.97260652 846.41345949 205.32430997 109.74991988 364.99666213 103.42168063 424.48057751 794.45824297   5.7470479  578.47510536 190.49553249 137.59353777 227.57370427 574.06258019 117.84539937 860.6746044  867.85900774  27.80464519 607.80869384 519.89295589 270.95125611 987.33791073 215.14100232 463.03068004 184.74015697 962.84063266 553.84071719 448.56873274 795.25290196 201.60633764 538.94569175 469.39296782 173.71328625 837.1278178  684.28282182 187.23626388  77.95681875  10.95852152 871.90779287 798.75335458 449.4690195  475.05833139 707.33366597 430.55266964 231.23170784 564.67718403]
merch_changes_probability: [0.00368575 0.20819676 0.42969736 0.35842012]
number_of_trips_changed_for_merch: [81, 35]
rotes_to_generate: 177

---

id: D9
changes_probability: [0.27934539 0.31393818 0.40671644]
number_of_trips_changed: [31, 48]
cities: [9.61953487e-05 1.77061269e-04 1.18208697e-04 ... 8.38942561e-06 1.98661150e-04 9.39212869e-05]
merchandise_multivariate_means: [0. 0. 0. 0. 0. 0. 0. 0. 0. 0. 0. 0. 0. 0. 0. 0. 0. 0. 0. 0. 0. 0. 0. 0. 0. 0. 0. 0. 0. 0. 0. 0. 0. 0. 0. 0. 0. 0. 0. 0. 0. 0. 0. 0. 0. 0. 0. 0. 0. 0.]
merchandise_multivariate_covariances: [7.49502059e+02 8.17434404e+02 1.75456982e+02 7.74052150e+02 8.28507194e+02 1.74122985e+02 4.97853450e+02 1.93299124e+02 5.18364314e+02 3.28753321e+02 2.54436511e-01 8.58478355e+02 2.78834983e+02 9.92526638e+02 4.83858545e+01 8.14376409e+02 5.01231476e+02 9.52841330e+02 1.47116964e+02 2.92385062e+02 7.07427624e+02 2.58464240e+02 2.58375198e+02 6.38623887e+02 4.33294255e+02 3.87368768e+02 9.01420544e+02 6.08116825e+02 3.90908711e+02 6.74393680e+02 9.36726871e+01 2.49247313e+02 4.71728090e+02 8.94258840e+02 5.89363834e+02 1.08481269e+01 7.41343907e+02 2.81746128e+02 2.84153627e+02 8.60860038e+02 7.63367732e+02 2.63938865e+02 4.96058185e+02 2.01216988e+02 2.42116935e+02 3.92152924e+02 5.43846596e+02 8.71114606e+02 6.02502717e+01 3.94137137e+02]
merch_changes_probability: [0.02939513 0.08527835 0.35986743 0.52545909]
number_of_trips_changed_for_merch: [44, 22]
rotes_to_generate: 39

---

