id: D0
changes_probability: [0.35870914 0.23748571 0.40380516]
number_of_trips_changed: [9, 27]
cities: [1.33197915e-04 1.06816596e-04 7.25786704e-05 ... 1.25217305e-04 6.96593678e-05 1.26522972e-04]
merchandise_multivariate_means: [0. 0. 0. 0. 0. 0. 0. 0. 0. 0. 0. 0. 0. 0. 0.]
merchandise_multivariate_covariances: [1.40310222e+02 4.96855637e+02 7.48927978e+02 9.48027730e+02 5.63640135e+02 3.04510788e+01 9.53615389e-01 6.92005107e+02 5.36188510e+02 2.88616948e+02 4.96294955e+02 9.65631499e+02 6.92298143e+02 8.29989771e+02 5.18334752e+02]
merch_changes_probability: [0.03530869 0.40795461 0.40964128 0.14709542]
number_of_trips_changed_for_merch: [12, 20]
rotes_to_generate: 199

---

id: D1
changes_probability: [0.36475349 0.34212633 0.29312018]
number_of_trips_changed: [92, 37]
cities: [2.07952846e-04 1.16023384e-04 2.52523703e-04 ... 2.12618337e-04 6.90817484e-05 1.67203634e-04]
merchandise_multivariate_means: [0. 0. 0. 0. 0. 0. 0. 0. 0. 0. 0. 0. 0. 0. 0.]
merchandise_multivariate_covariances: [789.75460038 629.60289792 905.8654683   17.75974355 200.83672522 447.81488301 677.03687581 693.36446306 761.58393589 825.68027677 263.02039582 982.59105772 109.51154997 161.82664614 926.91863251]
merch_changes_probability: [0.01341139 0.25537137 0.45149597 0.27972127]
number_of_trips_changed_for_merch: [73, 47]
rotes_to_generate: 93

---

id: D2
changes_probability: [0.27717339 0.51598693 0.20683968]
number_of_trips_changed: [80, 29]
cities: [1.50501996e-04 2.09178410e-04 6.67449134e-05 ... 1.49416578e-04 1.05737332e-04 1.63417211e-04]
merchandise_multivariate_means: [0. 0. 0. 0. 0. 0. 0. 0. 0. 0. 0. 0. 0. 0. 0.]
merchandise_multivariate_covariances: [795.9329445  926.13412295 310.52482151 816.91750651 702.29710245 381.97854025  86.32203219 163.18351954 145.39972206  83.40634765 667.9824397  617.59632179 898.66376329 981.81028475 419.81387338]
merch_changes_probability: [0.05604033 0.44130307 0.37104221 0.13161439]
number_of_trips_changed_for_merch: [84, 27]
rotes_to_generate: 53

---

id: D3
changes_probability: [0.29674195 0.38856404 0.31469402]
number_of_trips_changed: [75, 20]
cities: [1.05201834e-04 1.63894195e-04 8.30733095e-05 ... 1.56647825e-04 5.53016078e-05 1.46387645e-04]
merchandise_multivariate_means: [0. 0. 0. 0. 0. 0. 0. 0. 0. 0. 0. 0. 0. 0. 0.]
merchandise_multivariate_covariances: [5.90150880e+02 4.73971046e+02 6.98927736e-01 7.85252982e+02 2.49200252e+01 6.10966345e+02 5.31901086e+02 6.82208814e+02 6.81245739e+02 5.48494040e+02 4.77684441e+02 6.94669019e+02 8.93496134e+02 8.84241755e+02 9.27891604e+02]
merch_changes_probability: [0.01052898 0.26783782 0.27375446 0.44787874]
number_of_trips_changed_for_merch: [17, 37]
rotes_to_generate: 153

---

id: D4
changes_probability: [0.28584793 0.4182087  0.29594337]
number_of_trips_changed: [37, 41]
cities: [1.49721114e-04 1.58496570e-04 4.32110678e-05 ... 7.25080820e-05 2.16536788e-04 2.39687131e-04]
merchandise_multivariate_means: [0. 0. 0. 0. 0. 0. 0. 0. 0. 0. 0. 0. 0. 0. 0.]
merchandise_multivariate_covariances: [734.02143825 910.60411156 181.74534046 157.60235793 352.20337508 121.2654818  175.12327716 896.74415274 784.95661729 236.97477218 175.34346472 969.30335198 503.14600991 114.66854023 963.15165873]
merch_changes_probability: [0.04005471 0.41877079 0.31877533 0.22239917]
number_of_trips_changed_for_merch: [88, 36]
rotes_to_generate: 161

---

id: D5
changes_probability: [0.29399804 0.52227666 0.18372531]
number_of_trips_changed: [26, 40]
cities: [1.19861974e-04 1.18363175e-04 5.36030785e-05 ... 1.58482430e-04 1.30761470e-04 1.89490572e-04]
merchandise_multivariate_means: [0. 0. 0. 0. 0. 0. 0. 0. 0. 0. 0. 0. 0. 0. 0.]
merchandise_multivariate_covariances: [227.70168076 216.22587867 294.77910286 640.18707774 657.71514809 571.17917117 475.46341499 460.95507415 950.85510955 267.43443594 554.56492666 444.19722884 209.4931308  306.26697295 597.37660236]
merch_changes_probability: [0.04409104 0.1680376  0.43637942 0.35149194]
number_of_trips_changed_for_merch: [25, 20]
rotes_to_generate: 46

---

id: D6
changes_probability: [0.30682191 0.42523416 0.26794393]
number_of_trips_changed: [79, 48]
cities: [9.84174777e-05 1.14980088e-04 1.00884252e-04 ... 2.57161337e-04 1.17567180e-04 7.50187302e-05]
merchandise_multivariate_means: [0. 0. 0. 0. 0. 0. 0. 0. 0. 0. 0. 0. 0. 0. 0.]
merchandise_multivariate_covariances: [859.09722252  57.48903719 888.15869823 544.55402111 637.42843377 215.95626034 616.95844633 273.50563166 784.01678551  15.60338152 603.5585098  144.11028771 176.00664018 242.92742653 243.72640017]
merch_changes_probability: [0.04127616 0.20771961 0.30731449 0.44368974]
number_of_trips_changed_for_merch: [47, 22]
rotes_to_generate: 54

---

id: D7
changes_probability: [0.17804305 0.26596223 0.55599473]
number_of_trips_changed: [48, 36]
cities: [0.00010286 0.00014215 0.0001573  ... 0.00019203 0.00019477 0.00017404]
merchandise_multivariate_means: [0. 0. 0. 0. 0. 0. 0. 0. 0. 0. 0. 0. 0. 0. 0.]
merchandise_multivariate_covariances: [139.7547449  356.28456633 742.25030988 544.45131617  21.83076597 305.37734158 247.71875213  33.00508096 934.89156227 695.8980289  449.61161542  39.0955639  659.19522607 327.27508569 801.53427016]
merch_changes_probability: [0.02614355 0.39204867 0.21520055 0.36660723]
number_of_trips_changed_for_merch: [94, 31]
rotes_to_generate: 180

---

id: D8
changes_probability: [0.17269428 0.42882891 0.39847681]
number_of_trips_changed: [47, 36]
cities: [1.16198370e-04 1.72527413e-04 5.62486436e-05 ... 1.10279289e-04 7.74714292e-05 1.41598997e-04]
merchandise_multivariate_means: [0. 0. 0. 0. 0. 0. 0. 0. 0. 0. 0. 0. 0. 0. 0.]
merchandise_multivariate_covariances: [127.11265514 766.33121836 896.18800941 262.89055275 891.72690725 271.60174879 314.59007864 670.96240233  25.58772723 545.36788858 768.59449451 878.20683803 307.73982941  90.59272358 769.93743835]
merch_changes_probability: [0.04151068 0.52199241 0.13824584 0.29825107]
number_of_trips_changed_for_merch: [32, 25]
rotes_to_generate: 194

---

id: D9
changes_probability: [0.34397754 0.20289872 0.45312374]
number_of_trips_changed: [3, 27]
cities: [2.10690156e-04 2.16587890e-04 8.41410945e-05 ... 1.21604424e-04 2.03508372e-04 1.33534293e-04]
merchandise_multivariate_means: [0. 0. 0. 0. 0. 0. 0. 0. 0. 0. 0. 0. 0. 0. 0.]
merchandise_multivariate_covariances: [678.8697195  979.82562826 425.96010343 660.60993401 328.60018027 461.68793803 236.72876048 143.3590113  934.39070957 122.25859046 840.88165175 958.13199671 353.86722977  23.65390038  27.69578831]
merch_changes_probability: [0.00570576 0.37384122 0.32226051 0.29819251]
number_of_trips_changed_for_merch: [64, 32]
rotes_to_generate: 183

---

